3562831103.02
2861209306.06
3974894698.06
2692441857.02
4722778550.94
3309790209.84
2769330261.22
2620374840.04
2554945823.26
2713645991.62
3247145406.54
3418052002.06
3264920260.66
6692932121.54
2399029868.38
3748303832.94
2558799609.98
2354482452.70
4178464815.60
4765933859.88
3093691131.64
3349516238.30
2866777733.02
3277771754.82
6049133740.66
2165155936.06
2663530148.98
4150300147.30
3696473350.06
4304823995.44
3281303008.04
2200705644.30
3386356080.54
5000877365.44
3067563637.08
2634295907.44
2358658772.92
3514429900.62
6414188240.04
3556193102.82
3037684328.54
3749373406.18
4119996332.52
2304366610.06
1907293655.66
3124640013.42
2308542930.28
